10150
10176
10188
10372
10461
10950
11593
11596
11633
11657
11667
11740
11846
11859
11926
11964
12046
12071
12078
12168
12310
12322
12351
12386
12478
12739
12830
13073
13102
13221
13251
13414
13587
13676
14091
14167
14224
14340
14367
14382
14505
14789
14833
14875
15035
15189
15214
15302
15327
15577
15645
15650
15675
15698
15735
15957
16202
16203
16205
16307
16341
16588
16867
16958
16977
17059
17133
17155
17179
17293
17402
17604
17608
17696
17751
17775
17857
17956
18034
18187
18218
18409
18434
18621
18644
18666
18691
18777
18807
18886
18920
19072
19102
19142
19352
19450
19457
19525
19568
19573
19615
19622
19774
19832
19836
19943
20021
20253
20288
20361
20563
20645
20870
20963
21173
21203
21335
21529
21600
21653
21792
21893
21903
22018
22476
22690
22881
22892
23025
23048
23096
23105
23142
23218
23262
23337
23351
23372
23373
23490
23887
23919
23972
24137
24139
24159
24171
24276
24368
24398
24648
24661
24961
25242
25279
25290
25430
25609
25652
25711
25736
25762
25787
25903
25928
25942
25961
26043
26163
26166
26249
26278
26322
26451
26454
26765
26834
26965
27120
27300
27577
27617
27624
27682
27782
28021
28105
28126
28377
28687
28692
28898
28922
28951
29290
29318
29455
29506
29517
29546
29699
29743
29744
29787
29900
29963
29985
30173
30251
30326
30532
30601
30852
30860
30954
31108
31126
31202
31445
31559
31615
31728
31798
31809
31891
31949
31959
32241
32267
32302
32332
32564
32737
32766
32989
33041
33069
33090
33183
33185
33226
33238
33312
33328
33393
33427
33451
33489
33506
33508
33709
33867
34018
34047
34121
34144
34150
34278
34375
34436
34532
34570
34578
34686
34746
34894
34912
35090
35237
35441
35492
35534
35741
35805
35856
35881
35994
36149
36333
36474
36678
36684
36699
36866
36868
37106
37110
37205
37333
37386
37444
37498
37620
37753
37761
37856
37898
37915
37963
38086
38182
38482
38624
38802
38891
39106
39171
39202
39341
39437
39611
39643
39853
39975
40133
40204
40228
40232
40585
40606
40776
40779
40847
40903
40908
41014
41197
41238
41256
41367
41519
41525
41534
41599
41647
41753
41794
41855
41878
41962
42002
42104
42311
42401
42495
42522
42541
42578
42612
42716
42822
42958
42981
43013
43192
43376
43381
43580
43591
43617
44129
44169
44174
44211
44445
44802
45014
45099
45125
45133
45147
45206
45212
45220
45237
45275
45302
45326
45408
45477
45493
45505
45510
45549
45642
45649
45855
45920
46042
46113
46301
46402
46449
46474
46605
46725
46824
47008
47019
47125
47161
47220
47350
47448
47504
47608
47700
47837
47926
47951
48000
48046
48344
48358
48366
48388
48454
48494
48666
48859
48966
49022
49183
49268
49335
49426
49617
49639
49787
49793
49927
50030
50224
50290
50446
50543
50777
50872
51036
51254
51266
51290
51354
51357
51381
51408
51439
51537
51699
51867
51882
51884
51903
51944
51995
52050
52068
52090
52306
52418
52732
52963
53045
53110
53438
53459
53468
53522
53748
53778
53823
54001
54022
54036
54043
54155
54186
54215
54257
54305
54334
54344
54353
54381
54414
54586
55075
55121
55122
55192
55602
55768
55770
55873
55979
56135
56226
56446
56600
56613
56785
56835
56837
56879
56933
56962
57153
57324
57336
57437
57543
57636
57657
57691
57743
57847
57865
57866
57909
57936
57987
58097
58116
58325
58416
58455
58503
58512
58564
58636
58711
58722
58733
58846
58930
59077
59102
59179
59205
59229
59246
59258
59336
59383
59481
59505
59739
59967
59997
60050
60228
60276
60367
60475
60534
60735
60819
60844
60901
60916
60933
61320
61455
61538
61587
61733
61886
61957
62080
62131
62333
62338
62430
62619
62673
62781
62860
62930
63031
63132
63146
63303
63344
63406
63525
63659
63695
63738
63793
63836
63903
64000
64183
64337
64340
64432
64723
64757
65076
65274
65352
65403
65705
65760
65895
66031
66080
66121
66184
66194
66278
66293
66301
66370
66467
66811
66853
66939
67035
67211
67656
67772
67794
67798
67895
67981
68473
68554
68611
68681
68791
68796
68910
68922
68966
68995
69007
69097
69119
69149
69380
69398
69525
69533
69837
69862
69879
69901
69948
70012
70135
70284
70338
70653
70768
70774
71051
71123
71175
71184
71195
71254
71287
71315
71377
71387
71402
71449
71457
71571
71850
72020
72232
72241
72455
72476
72666
72864
72964
73029
73099
73132
73191
73264
73440
73689
73719
73807
73912
73999
74028
74034
74196
74212
74304
74343
74416
74539
74681
74693
74695
74750
74779
74895
74996
75012
75027
75238
75251
75394
75450
75462
75556
75630
75853
75869
75928
75973
75993
76040
76103
76115
76336
76368
76384
76480
76546
76787
76794
76867
76898
76961
77285
77311
77335
77438
77578
77675
77707
77827
77919
78029
78056
78080
78085
78248
78291
78386
78553
78562
78563
78792
78862
78969
79009
79029
79033
79046
79138
79389
79465
79604
79662
79797
79815
79885
79920
79995
80056
80093
80096
80275
80307
80383
80793
80951
81143
81164
81225
81250
81291
81363
81492
81529
81588
81688
81706
81720
81757
81767
81870
81997
82021
82097
82231
82302
82342
83049
83068
83163
83164
83202
83216
83232
83242
83261
83272
83304
83473
83543
83666
83694
83847
83921
83937
84019
84048
84054
84092
84110
84324
84448
84638
84705
84915
84956
85046
85154
85380
85453
85683
85702
85763
85777
85805
85852
85916
86145
86164
86172
86355
86413
86533
86718
86774
86936
86997
87129
87415
87430
87651
87662
87781
87843
87852
87872
88028
88070
88078
88150
88321
88345
88375
88386
88529
88568
88771
88792
88886
88951
89459
89495
89758
89819
89947
89958
90037
90396
90401
90404
90530
90641
90673
90825
90996
91044
91074
91142
91181
91325
91326
91485
91532
91599
91604
91769
91805
91876
91919
92020
92131
92193
92207
92302
92382
92421
92424
92464
92558
92671
92786
92889
92914
93048
93072
93259
93270
93681
93701
93740
93768
93819
93920
94079
94349
94373
94439
94494
94666
94726
94750
94762
94839
94899
94904
94947
94950
95060
95078
95081
95141
95188
95336
95401
95618
95628
95760
95809
95908
96094
96138
96198
96216
96312
96461
96473
96531
96569
96647
96650
96712
96959
97118
97130
97161
97186
97231
97328
97380
97382
97460
97535
97538
97595
98041
98087
98246
98275
98286
98358
98372
98379
98508
98552
98688
98695
98791
98899
98918
99192
99250
99254
99351
99452
99506
99672
99712
99785
99804
99960
