10056
10079
10088
10373
10521
10581
10854
10983
11014
11104
11294
11493
11556
11768
11881
11964
11964
11964
11964
11964
11964
12084
12177
12236
12405
12428
12560
12576
12613
12782
12838
12866
12892
13071
13391
13515
13775
14225
14337
14340
14340
14340
14340
14340
14340
14340
14502
14679
14766
14776
15189
15189
15189
15189
15189
15189
15189
15189
15189
15189
15189
15189
15422
15466
15639
15653
15946
16106
16132
16152
16153
16166
16227
16262
16276
16308
16441
16631
16751
16958
16958
16958
16972
16979
17223
17434
17661
18344
18382
18691
18691
18691
18691
18691
18691
18691
18691
18691
18691
18691
18894
18920
18920
18920
18920
18920
18920
18920
19099
19109
19305
19676
19848
19899
20180
20272
20279
20434
20480
20509
20665
20761
20795
20851
20905
20975
21031
21277
21500
21506
21547
21582
21704
21903
21903
21903
21903
21903
21903
21903
21903
21903
21903
21903
21903
21903
21903
21910
21963
22158
22300
22313
22367
22486
22993
23211
23221
23238
23356
23464
23595
24083
24297
24406
24438
24919
24932
25107
25109
25136
25175
25201
25264
25450
25465
25615
25654
25674
25802
25903
25903
25903
25903
25903
25903
25903
25903
25903
25903
25903
25903
25903
26149
26383
26541
26911
27120
27120
27120
27120
27120
27120
27120
27120
27120
27120
27120
27120
27211
27340
27344
27500
27513
27550
27639
27653
27732
27772
27830
28127
28149
28870
29010
29099
29637
29947
29954
30052
30145
30198
30395
30672
30713
30744
30796
30847
30928
31005
31090
31117
31124
31202
31202
31411
31509
31607
32727
32739
32752
32940
33041
33041
33041
33041
33041
33041
33041
33041
33723
33811
34090
34139
34237
34263
34287
34876
34904
35355
35829
36279
36320
36392
36485
36622
37258
37388
37491
37549
37572
37620
37620
37620
37620
37620
37620
37620
37620
37620
37620
37620
37620
37620
37620
37620
37620
37620
37620
37702
37789
37826
37957
38127
38697
38708
38809
38826
38933
39437
39437
39437
39437
39437
39437
39480
39888
39972
40375
40390
40404
40570
40698
40815
40858
41045
41085
41216
41257
41269
41375
41397
41650
42002
42002
42002
42002
42364
42450
42530
42582
42609
42834
42855
42924
42958
42958
42958
42958
42958
42958
42958
42958
42958
42958
42958
42958
42958
42958
42958
42958
42958
42958
42958
42958
42996
43093
43095
43176
43457
43591
43591
43591
43591
43591
43591
43591
43591
43591
43591
43640
43699
43795
43935
43967
44034
44328
44627
44729
44783
44925
44992
45003
45182
45233
45435
45441
45577
45628
45665
45885
46147
46321
46401
46446
46541
46729
46782
46854
47307
47551
47748
47786
47957
48072
48158
48179
48309
48448
49040
50149
50342
50441
50494
50541
50968
51004
51057
51174
51271
51388
51457
51780
51825
51996
52014
52019
52291
52481
52555
52703
52959
52963
53466
53820
53887
53910
53936
54050
54059
54450
54572
55240
55357
55382
55467
55476
55521
55606
55640
55770
55770
55770
55770
55770
55770
55770
55770
55770
55770
55770
55770
55770
55770
55949
55957
56195
56198
56241
56343
56450
56777
57117
57463
57743
57743
57743
57743
57743
57743
57743
57743
57743
57743
57743
57743
57743
57743
57743
58001
58503
58503
58503
58503
58538
58699
58722
58722
58722
58722
58722
58722
58722
58722
58722
58722
58722
58722
58722
58722
58722
58722
58733
58733
58733
58733
58733
58733
58733
58733
58733
58733
58733
58733
58733
58733
58733
58733
58733
58733
58733
58775
59087
59232
59254
59270
59314
59508
60096
60120
60351
60363
60516
60546
60751
60772
60901
60901
60901
60901
60901
60901
60901
60901
60901
60901
60901
60901
60901
60901
60901
60901
60901
60901
60996
61366
61397
61608
61689
61870
61890
62028
62056
62173
62440
62504
62680
62766
62792
63171
63243
63798
63933
64071
64270
64389
64504
64531
64575
64583
64791
64885
64904
64996
65093
65129
65351
65520
65557
66257
66261
66306
66457
66522
66680
66822
66970
67016
67073
67348
67384
67397
67730
67798
67798
67798
67798
67798
67798
67798
67798
67798
67798
67798
67798
67830
67839
68211
68225
68263
68421
68446
68796
68796
68796
68796
68796
68796
68796
68796
68796
68796
68796
68796
68796
68796
68796
68796
68796
68802
69036
69060
69062
69567
69642
69672
69752
70054
70149
70169
70386
70762
71097
71118
71144
71342
71402
71402
71402
71402
71402
71402
71402
71402
71402
71402
71402
71402
71402
71402
71402
71402
71402
71571
71571
71571
71571
71744
71773
72040
72348
72555
72611
72682
72705
72780
72938
73044
73053
73056
73099
73099
73099
73099
73099
73099
73294
73399
73483
73495
73716
73890
73935
74008
74136
74244
74254
74374
74386
74559
74693
74693
74693
74693
74693
74693
74693
74693
74693
74693
74693
74693
74693
74693
74693
74693
74708
74954
75090
75492
75534
75703
76040
76040
76040
76040
76040
76040
76040
76040
76040
76266
76291
76389
76440
76541
76647
76863
76873
76926
77160
77394
77671
77707
77707
77707
77707
77707
77707
77707
77707
77751
77843
77911
77917
77971
78028
78288
78295
78571
78622
78983
79233
79270
79502
79734
79832
79965
80029
80100
80132
80276
80449
80756
80817
80941
81093
81272
81363
81363
81363
81363
81363
81363
81363
81363
81363
81395
81398
81503
82079
82291
82684
82686
82713
82757
83084
83220
83516
83564
83568
83913
83965
84162
84207
84284
84350
84619
84819
84878
84965
85052
85177
85261
85285
85287
85901
86477
86722
86891
87111
87233
87607
87896
88599
88646
88797
88848
88856
88952
89387
89435
89466
89920
90078
90626
90890
90976
91001
91054
91186
91205
91621
91871
91919
91974
92150
92302
92302
92302
92302
92302
92349
92615
92630
92741
92807
92865
93254
93279
93380
93448
93850
93869
94213
94314
94413
94456
94646
94685
94750
94750
94750
94750
94750
94750
94750
94750
94750
94750
94750
94750
94750
94750
94750
94750
94750
94750
94750
94768
94897
94991
95186
95257
95336
95336
95336
95336
95336
95336
95336
95336
95336
95336
95336
95347
95358
95435
95454
95456
95504
95582
95628
95628
95628
95628
95628
95628
95628
95628
95628
95628
95822
95908
95908
95908
95908
95908
95908
95908
95908
95908
95908
95908
95908
95908
95908
95908
95908
95908
96445
96758
96771
96776
97152
97406
97630
97772
97839
97842
98004
98096
98129
98246
98246
98246
98246
98246
98246
98246
98246
98246
98380
98773
98777
99208
99255
99477
99491
99505
99653
99770
